-1.372652183988451043e+03
-1.384740886814359783e+03
-1.548411769083403897e+03
-1.218965171318667217e+03
-1.543409192952897229e+03
-1.411381982361008568e+03
-1.509926458521498262e+03
-9.479283177337641746e+02
-1.714774895119282519e+03
-1.287558441137823820e+03
-1.587643446512760647e+03
-1.042967212256735138e+03
-1.542121566752661920e+03
-7.582757515990584807e+02
-9.896433460462704943e+02
-1.758211237443450500e+03
-1.251461738234148925e+03
-1.860746004050887905e+03
-1.302495962340678943e+03
-8.624289799539902788e+02
-1.540194488070511170e+03
-1.627298610712242862e+03
-1.116846855809072395e+03
-1.292123797324058160e+03
-1.194986714114671486e+03
-1.674518558706264457e+03
-1.419617681993135875e+03
-1.780294321942577653e+03
-1.669816397306409044e+03
-1.533168824951835632e+03
-1.594728417188084677e+03
-1.726946958714776656e+03
-1.298264321845656468e+03
-1.593012819190970959e+03
-1.261850808786304242e+03
-1.465600518704535034e+03
-1.514825791716604954e+03
-1.539104644752185095e+03
-1.344975231770721848e+03
-1.329946165722241176e+03
-1.469058062575180429e+03
-1.656200620556649483e+03
-1.367151072881387563e+03
-1.350176540986883992e+03
-1.359456432421831551e+03
-1.346307488515255272e+03
-1.239570923626213471e+03
-1.275350312131076407e+03
-1.101617820268206060e+03
-1.418249706654807369e+03
-1.257899994781375653e+03
-1.352252514978966929e+03
-1.241690958538946234e+03
-1.142227292374204126e+03
-1.261470192064743287e+03
-1.263656288356790128e+03
-9.994177167564354249e+02
-1.108060730899045893e+03
-1.095867768153606221e+03
-1.028065483159673704e+03
-1.118736824892581353e+03
-1.156615978350031810e+03
-1.080031058740460139e+03
-1.027449266079785957e+03
-1.311289391124090116e+03
-1.024378888157199981e+03
-1.187570835654540815e+03
-1.007396036776863184e+03
-1.041641196011378270e+03
-1.176613694315582052e+03
-9.973112542140307824e+02
-1.145718400537757134e+03
-8.906288223031289135e+02
-9.350506323742505401e+02
-9.387488032534020022e+02
-1.179767513013799771e+03
-1.092838141404174166e+03
-1.181496884675543242e+03
-9.298233235421243990e+02
-1.151746890962607722e+03
-6.355578406279524870e+02
-9.470117419609387071e+02
-1.137918803449474808e+03
-1.066178360466473805e+03
-9.991459163617495278e+02
-9.770733986079028455e+02
-8.847443550131055190e+02
-1.037276963278830408e+03
-8.824365989271963144e+02
-8.929211713366496497e+02
-8.614365596076443126e+02
-6.211446978035586426e+02
-7.552156828881412594e+02
-7.793190620088531659e+02
-8.928704210066895257e+02
-8.734098351368357953e+02
-9.153502922892977267e+02
-7.541742215623061156e+02
-1.038062319800634214e+03
-7.304424558091540121e+02
-8.583036448985977813e+02
-7.540364780937550222e+02
-9.482894579698898951e+02
-5.264493255737417030e+02
-5.024083283587416986e+02
-5.050146274859143318e+02
-6.369050985931248761e+02
-7.081180548244979036e+02
-5.163793253392032057e+02
-5.184936136546047010e+02
-3.311223121522940183e+00
-9.023674685458860267e+02
-3.864447222673550186e+02
-2.636776256213088345e+02
-1.233012362365268615e+02
-3.900725345700204798e+02
-1.312677547067275157e+02
-3.810933827987731775e+02
-5.190482159494695225e+02
-2.558126997733057237e+02
-7.855592971620333174e+02
-5.840310791308668286e+02
-1.266866363580116541e+02
-1.244240335489807308e+02
-3.887507427150554804e+02
-1.311692581302361589e+02
-3.875390785997530543e+02
-3.905487231649677256e+02
-2.530892510181002422e+02
-1.324413118937531237e+02
-1.267261375274725452e+02
-3.905535784175963840e+02
-2.509121829045157597e+02
-1.311091517297323321e+02
-1.266971447287658492e+02
-3.219260880634154773e+02
-2.445690536539788695e+02
-1.214541708454535893e+02
-5.306712635987213389e+02
-2.417687768466410034e+02
-3.210681961623025131e+02
-3.660796916521277353e+02
-1.253042284211277462e+02
-2.585960988912313496e+02
-3.792779267004918893e+02
-5.465140094478089168e+02
-1.262309923167184422e+02
-1.278046639534544653e+02
-1.250356202017078857e+02
-1.700112174276160033e+02
-2.829498988074165027e+02
-6.451028424946325686e+02
-8.031631740204185235e+02
-3.941000587048165027e+00
-3.668489233304786694e+02
-1.253105243231989903e+02
-1.239981816092201399e+02
-1.216195066557728524e+02
-1.289669114557747776e+02
-3.557870802619220854e+02
-1.530112937586931787e+00
-2.289137899294277023e+00
-1.263257848819159221e+02
-3.603052954658074327e+02
-1.258084731205361777e+02
-2.486766189311259438e+02
-1.302052788745020848e+02
-2.436127033719866972e+02
-3.966533013575341329e+02
-3.649662154559375722e+02
-1.251276925065844097e+02
-1.280347883766299049e+02
-1.276097120109322134e+02
-1.304001051434091494e+02
-4.295731563586579114e+02
-1.260950356934994403e+02
-1.232489159687593769e+02
-1.244726515345252977e+02
-2.405760735163178481e+02
-1.278492022967810016e+02
-3.867386312522352227e+02
-4.637020514552485224e+02
-1.753803894218629589e+00
-1.218189838645004102e+02
-2.446620191294752260e+02
-2.443582978002078505e+02
-3.557038081825275526e+02
-2.549276893845866141e+02
-1.271383392843486178e+02
-1.254483741131157473e+02
-1.238545616625036274e+02
-4.101856851624893352e+02
-3.544470567431531549e+02
-2.550790969044184635e+02
-1.173647862506072386e+02
-3.655494421637240521e+02
-3.680155576645519773e+02
-1.275381602570924002e+02
-2.488470956411534871e+02
-1.234299355362967106e+02
